11
11
11
11
11
11
11
11
11
11
11
11
11
11
11
11
11
11
11
11
11
11
11
11
11
11
11
11
11
11
11
11
3
4
4
8
6
11
7
2
4
4
6
8
4
4
4
4
6
6
6
6
6
6
6
6
6
6
4
4
8
8
8
5
10
7
6
7
7
6
6
7
7
4
5
6
5
8
7
8
6
8
7
6
6
7
6
10
6
6
6
4
4
4
8
6
6
6
6
5
6
6
4
6
6
2
3
5
2
8
6
6
6
6
4
5
4
6
6
8
6
6
5
5
4
5
8
11
6
11
2
6
4
9
6
6
6
15
6
4
11
11
6
11
11
2
2
4
4
5
6
10
6
10
5
4
10
11
5
6
3
4
6
6
6
6
4
6
6
10
5
6
8
4
10
6
5
8
5
5
6
6
6
3
6
5
5
6
11
11
11
5
7
7
7
7
7
7
10
7
6
6
6
6
4
4
4
4
8
7
8
8
8
8
8
8
8
7
7
7
7
6
6
6
6
6
6
6
6
6
10
5
6
6
6
6
2
2
2
2
6
6
6
6
6
6
6
8
6
6
6
6
6
6
6
6
